1;1;10;1000元宝
2;1;20;2000元宝
3;1;30;3000元宝
4;1;50;5000元宝
5;1;100;10000元宝
6;1;200;20000元宝
7;1;300;30000元宝
8;1;400;40000元宝
9;1;500;50000元宝
10;1;600;60000元宝
11;1;800;80000元宝
12;1;1000;100000元宝
13;1;1200;120000元宝
14;1;1500;150000元宝
15;1;1800;180000元宝
16;1;2000;200000元宝
17;1;2500;250000元宝
18;1;3000;300000元宝
19;2;25;月卡
20;3;18;周卡
21;4;10;10元礼包
22;4;10;10元礼包
23;4;10;10元礼包
24;4;20;20元礼包
25;4;20;20元礼包
26;4;20;20元礼包
27;4;50;50元礼包
28;4;50;50元礼包
31;1;6;600元宝
32;1;30;3000元宝
33;1;60;6000元宝
34;1;98;9800元宝
35;1;198;19800元宝
36;1;328;32800元宝
37;1;648;64800元宝
38;6;98;终身卡
39;1;5000;500000元宝
40;1;10000;1000000元宝
41;4;1;1元礼包
42;4;1;1元礼包
43;4;1;1元礼包
44;4;1;1元礼包
45;4;1;1元礼包
46;4;1;1元礼包
47;4;1;1元礼包
48;4;1;1元礼包
49;4;1;1元礼包
50;4;1;1元礼包
51;4;1;1元礼包
52;4;1;1元礼包
53;4;1;1元礼包
54;4;6;6元礼包